20, 20, 18, 18, 00, 00, 23, 23, 21, 21, 19, 19, ??, ??, 11, 11, 09, 09, 07, 07, 00, 00, 23, 23, 21, 21, 19, 19, 23, 23, 22, 22, 
19, 19, 17, 17, 01, 01, 00, 00, 22, 22, 20, 20, 00, 00, 23, 23, 21, 21, 19, 19, 12, 12, ??, ??, 10, 10, 08, 08, 22, 22, 21, 21, 
18, 18, 16, 16, 02, 02, 01, 01, 23, 23, 21, 21, 12, 12, ??, ??, 10, 10, 08, 08, 01, 01, 00, 00, 22, 22, 20, 20, 21, 21, 20, 20, 
17, 17, 15, 15, 03, 03, 02, 02, 00, 00, 22, 22, 01, 01, 00, 00, 22, 22, 20, 20, 13, 13, 12, 12, 11, 11, 09, 09, 20, 20, 19, 19, 
16, 16, 14, 14, 04, 04, 03, 03, 01, 01, 23, 23, 13, 13, 12, 12, 11, 11, 09, 09, 02, 02, 01, 01, 23, 23, 21, 21, 19, 19, 18, 18, 
15, 15, 13, 13, 05, 05, 04, 04, 02, 02, 00, 00, 02, 02, 01, 01, 23, 23, 21, 21, 14, 14, 13, 13, ??, ??, 10, 10, 18, 18, 17, 17, 
14, 14, 12, 12, 06, 06, 05, 05, 03, 03, 01, 01, 14, 14, 13, 13, ??, ??, 10, 10, 03, 03, 02, 02, 00, 00, 22, 22, 17, 17, 16, 16, 
13, 13, ??, ??, 07, 07, 06, 06, 04, 04, 02, 02, 03, 03, 02, 02, 00, 00, 22, 22, 15, 15, 14, 14, 12, 12, 11, 11, 16, 16, 15, 15, 
12, 12, 11, 11, 08, 08, 07, 07, 05, 05, 03, 03, 15, 15, 14, 14, 12, 12, 11, 11, 04, 04, 03, 03, 01, 01, 23, 23, 15, 15, 14, 14, 
??, ??, 10, 10, 09, 09, 08, 08, 06, 06, 04, 04, 04, 04, 03, 03, 01, 01, 23, 23, 16, 16, 15, 15, 13, 13, ??, ??, 14, 14, 13, 13, 
11, 11, 09, 09, 10, 10, 09, 09, 07, 07, 05, 05, 16, 16, 15, 15, 13, 13, ??, ??, 05, 05, 04, 04, 02, 02, 00, 00, 13, 13, 12, 12, 
10, 10, 08, 08, 11, 11, 10, 10, 08, 08, 06, 06, 05, 05, 04, 04, 02, 02, 00, 00, 17, 17, 16, 16, 14, 14, 12, 12, 12, 12, ??, ??, 
08, 08, 06, 06, 12, 12, ??, ??, 10, 10, 08, 08, 06, 06, 05, 05, 03, 03, 01, 01, 18, 18, 17, 17, 15, 15, 13, 13, 11, 11, 10, 10, 
07, 07, 05, 05, 13, 13, 12, 12, 11, 11, 09, 09, 18, 18, 17, 17, 15, 15, 13, 13, 07, 07, 06, 06, 04, 04, 02, 02, 10, 10, 09, 09, 
06, 06, 04, 04, 14, 14, 13, 13, ??, ??, 10, 10, 07, 07, 06, 06, 04, 04, 02, 02, 19, 19, 18, 18, 16, 16, 14, 14, 09, 09, 08, 08, 
05, 05, 03, 03, 15, 15, 14, 14, 12, 12, 11, 11, 19, 19, 18, 18, 16, 16, 14, 14, 08, 08, 07, 07, 05, 05, 03, 03, 08, 08, 07, 07, 
04, 04, 02, 02, 16, 16, 15, 15, 13, 13, ??, ??, 08, 08, 07, 07, 05, 05, 03, 03, 20, 20, 19, 19, 17, 17, 15, 15, 07, 07, 06, 06, 
03, 03, 01, 01, 17, 17, 16, 16, 14, 14, 12, 12, 20, 20, 19, 19, 17, 17, 15, 15, 09, 09, 08, 08, 06, 06, 04, 04, 06, 06, 05, 05, 
02, 02, 00, 00, 18, 18, 17, 17, 15, 15, 13, 13, 09, 09, 08, 08, 06, 06, 04, 04, 21, 21, 20, 20, 18, 18, 16, 16, 05, 05, 04, 04, 
01, 01, 23, 23, 19, 19, 18, 18, 16, 16, 14, 14, 21, 21, 20, 20, 18, 18, 16, 16, 10, 10, 09, 09, 07, 07, 05, 05, 04, 04, 03, 03, 
00, 00, 22, 22, 20, 20, 19, 19, 17, 17, 15, 15, 10, 10, 09, 09, 07, 07, 05, 05, 22, 22, 21, 21, 19, 19, 17, 17, 03, 03, 02, 02, 
23, 23, 21, 21, 21, 21, 20, 20, 18, 18, 16, 16, 22, 22, 21, 21, 19, 19, 17, 17, 11, 11, 10, 10, 08, 08, 06, 06, 02, 02, 01, 01, 
22, 22, 20, 20, 22, 22, 21, 21, 19, 19, 17, 17, 11, 11, 10, 10, 08, 08, 06, 06, 23, 23, 22, 22, 20, 20, 18, 18, 01, 01, 00, 00, 
21, 21, 19, 19, 23, 23, 22, 22, 20, 20, 18, 18, 23, 23, 22, 22, 20, 20, 18, 18, ??, ??, 11, 11, 09, 09, 07, 07, 00, 00, 23, 23, 
